4294967293,131
4294967293,130
4294967293,129
4294967293,128
4294967293,127
4294967293,126
4294967293,125
4294967293,124
4294967293,123
4294967293,122
4294967293,121
4294967293,120
4294967293,119
4294967293,118
4294967293,117
4294967293,116
4294967293,115
4294967293,114
4294967293,113
4294967293,112
4294967293,111
4294967293,110
4294967293,109
4294967293,108
4294967293,107
4294967293,106
4294967293,105
4294967293,104
4294967293,103
4294967293,102
4294967293,101
4294967293,100
4294967293,99
4294967293,98
4294967293,97
4294967293,96
4294967293,95
4294967293,94
4294967293,93
4294967293,92
4294967293,91
4294967293,90
4294967293,89
4294967293,87
4294967293,86
4294967293,85
4294967293,84
4294967293,83
4294967293,82
4294967293,81
4294967293,80
4294967293,79
4294967293,78
4294967293,77
4294967293,76
4294967293,75
4294967293,74
4294967293,73
4294967293,72
4294967293,71
4294967293,70
4294967293,69
4294967293,68
4294967293,67
4294967293,66
4294967293,65
4294967293,64
4294967293,63
4294967293,62
4294967293,61
4294967293,60
4294967293,59
4294967293,58
4294967293,57
4294967293,56
4294967293,55
4294967293,54
4294967293,53
4294967293,52
4294967293,51
4294967293,50
4294967293,49
4294967293,48
4294967293,47
4294967293,46
4294967293,45
4294967293,44
4294967293,43
4294967293,42
4294967293,41
4294967293,40
4294967293,39
4294967293,38
4294967293,37
4294967293,36
4294967293,35
4294967293,34
4294967293,33
4294967293,32
4294967293,31
4294967293,30
4294967293,29
4294967293,28
4294967293,27
4294967293,26
4294967293,25
4294967293,24
4294967293,23
4294967293,22
4294967293,21
4294967293,20
4294967293,19
4294967293,18
4294967293,17
4294967293,16
4294967293,15
4294967293,14
4294967293,13
4294967293,12
4294967293,11
4294967293,10
4294967293,9
4294967293,8
4294967293,7
4294967293,6
4294967293,5
4294967293,4
4294967293,3
4294967278,290
4294967278,13
4294967279,299
4294967279,298
4294967279,297
4294967279,296
4294967279,295
4294967279,294
4294967279,300
4294967294,2372
4294967294,2370
4294967294,1573
4294967294,2951
4294967294,1571
4294967294,2952
4294967294,2045
4294967294,1572
4294967294,1729
4294967294,1728
4294967294,1675
4294967294,1674
4294967294,1673
4294967294,1670
4294967294,1671
4294967294,1669
4294967294,1667
4294967294,1666
4294967294,1665
4294967294,1664
4294967294,1668
4294967294,1598
4294967294,1597
4294967294,1596
4294967294,1595
4294967294,1594
4294967294,1593
4294967294,1592
4294967294,1591
4294967294,1590
4294967294,1589
4294967294,1599
4294967294,2152
4294967294,2151
4294967294,2150
4294967294,2149
4294967294,2148
4294967294,2147
4294967294,2146
4294967294,2145
4294967294,1998
4294967294,2144
4294967294,2143
4294967294,2142
4294967294,2141
4294967294,2140
4294967294,2139
4294967294,2138
4294967294,1997
4294967294,1569
4294967294,2137
4294967294,2136
4294967294,2135
4294967294,2134
4294967294,2133
4294967294,2132
4294967294,2131
4294967294,2130
4294967294,2129
4294967294,2128
4294967294,2127
4294967294,2126
4294967294,2125
4294967294,2124
4294967294,2123
4294967294,2122
4294967294,2121
4294967294,2120
4294967294,2119
4294967294,2118
4294967294,2117
4294967294,1994
4294967294,2116
4294967294,2115
4294967294,1722
4294967294,2114
4294967294,2113
4294967294,2112
4294967294,2111
4294967294,2110
4294967294,2109
4294967294,2108
4294967294,2107
4294967294,1992
4294967294,2106
4294967294,2105
4294967294,2104
4294967294,1995
4294967294,2103
4294967294,2102
4294967294,2101
4294967294,2100
4294967294,2099
4294967294,2098
4294967294,1701
4294967294,2097
4294967294,2096
4294967294,2095
4294967294,2094
4294967294,2093
4294967294,2092
4294967294,2091
4294967294,2090
4294967294,2089
4294967294,1993
4294967294,2088
4294967294,1587
4294967294,1586
4294967294,1588
4294967294,1584
4294967294,1585
4294967294,1583
4294967294,1582
4294967294,2954
4294967294,1724
4294967294,2087
4294967294,1719
4294967294,2086
4294967294,2085
4294967294,2084
4294967294,1991
4294967294,2083
4294967294,2082
4294967294,2081
4294967294,2080
4294967294,2079
4294967294,2078
4294967294,2077
4294967294,2076
4294967294,2075
4294967294,2074
4294967294,2073
4294967294,2072
4294967294,2071
4294967294,2070
4294967294,2069
4294967294,2068
4294967294,2067
4294967294,2066
4294967294,2065
4294967294,2064
4294967294,2063
4294967294,2062
4294967294,2061
4294967294,2060
4294967294,2059
4294967294,2058
4294967294,2057
4294967294,2056
4294967294,1990
4294967294,2055
4294967294,2054
4294967294,2053
4294967294,1700
4294967294,2052
4294967294,2051
4294967294,2050
4294967294,2049
4294967294,2048
4294967294,1983
4294967294,1982
4294967294,1981
4294967294,1980
4294967294,1987
4294967294,1979
4294967294,1978
4294967294,1977
4294967294,1581
4294967294,1580
4294967294,1443
4294967294,1441
4294967294,1442
4294967294,1497
4294967294,1496
4294967294,1495
4294967294,1494
4294967294,1491
4294967294,1492
1,0
4294967294,2623
4294967294,1976
4294967294,1986
4294967294,1975
4294967294,1974
4294967294,1973
4294967294,1972
4294967294,1971
4294967294,1970
4294967294,1969
4294967294,1968
4294967294,1967
4294967294,1966
4294967294,1965
4294967294,1964
4294967294,1989
4294967294,1963
4294967294,1962
4294967294,1961
4294967294,1960
4294967294,1959
4294967294,1958
4294967294,1957
4294967294,1713
4294967294,1956
4294967294,1955
4294967294,1954
4294967294,1953
4294967294,1952
4294967294,1951
4294967294,1988
4294967294,1984
4294967294,1950
4294967294,1949
4294967294,1948
4294967294,1947
4294967294,1946
4294967294,2956
4294967294,1945
4294967294,1944
4294967294,1943
4294967294,1942
4294967294,1941
4294967294,1940
4294967294,1939
4294967294,1938
4294967294,1937
4294967294,1936
4294967294,1935
4294967294,1934
4294967294,1933
4294967294,1932
4294967294,1931
4294967294,1930
4294967294,1929
4294967294,1928
4294967294,1556
4294967294,2601
4294967294,1927
4294967294,1926
4294967294,1925
4294967294,1924
4294967294,1923
4294967294,1922
4294967294,2371
4294967294,1921
4294967294,1920
4294967294,1919
4294967294,1918
4294967294,1917
4294967294,1916
4294967294,1915
4294967294,1914
4294967294,1985
4294967294,1913
4294967294,1912
4294967294,1911
4294967294,1910
4294967294,1723
4294967294,1909
4294967294,1908
4294967294,1907
4294967294,1906
4294967294,2032
4294967294,1905
4294967294,1904
4294967294,1727
4294967294,1903
4294967294,1902
4294967294,1901
4294967294,1900
4294967294,1726
4294967294,1899
4294967294,1898
4294967294,1897
4294967294,1896
4294967294,1895
4294967294,1894
4294967294,1893
4294967294,1892
4294967294,1891
4294967294,1890
4294967294,1725
4294967294,1889
4294967294,1888
4294967294,1887
4294967294,1886
4294967294,1885
4294967294,1884
4294967294,1883
4294967294,1882
4294967294,1881
4294967294,1880
4294967294,1716
4294967294,1879
4294967294,1878
4294967294,1718
4294967294,1877
4294967294,1876
4294967294,1875
4294967294,1874
4294967294,1873
4294967294,1872
4294967294,1871
4294967294,1870
4294967294,1869
4294967294,1720
4294967294,1868
4294967294,1867
4294967294,1866
4294967294,1865
4294967294,1864
4294967294,1863
4294967294,1862
4294967294,1721
4294967294,1861
4294967294,1715
4294967294,1860
4294967294,1859
4294967294,1858
4294967294,1857
4294967294,1856
4294967294,1855
4294967294,1854
4294967294,1853
4294967294,1852
4294967294,1851
4294967294,1850
4294967294,1849
4294967294,1848
4294967294,1847
4294967294,1714
4294967294,1846
4294967294,1845
4294967294,1844
4294967294,1843
4294967294,2947
4294967294,2369
4294967294,948
4294967294,1842
4294967294,1717
4294967294,1841
4294967294,1840
4294967294,1839
4294967294,1838
4294967294,1837
4294967294,1836
4294967294,1835
4294967294,1834
4294967294,1833
4294967294,1832
4294967294,1831
4294967294,2944
4294967294,1830
4294967294,1829
4294967294,1472
4294967294,1828
4294967294,1827
4294967294,1826
4294967294,1825
4294967294,1824
4294967294,1823
4294967294,1822
4294967294,1821
4294967294,1459
4294967294,1820
4294967294,1819
4294967294,1818
4294967294,1817
4294967294,1816
4294967294,1815
4294967294,1814
4294967294,1813
4294967294,1812
4294967294,1811
4294967294,1810
4294967294,1809
4294967294,1808
4294967294,1807
4294967294,1712
4294967294,1806
4294967294,1805
4294967294,1804
4294967294,1803
4294967294,1802
4294967294,1801
4294967294,954
4294967294,1800
4294967294,1799
4294967294,1798
4294967294,1797
4294967294,1796
4294967294,1795
4294967294,1794
4294967294,1793
4294967294,1792
4294967294,1709
4294967294,1708
4294967294,1710
4294967294,1707
4294967294,1706
4294967294,1705
4294967294,1704
4294967294,1703
4294967294,1702
4294967294,1699
4294967294,1698
4294967294,1697
4294967294,1696
4294967294,1695
4294967294,1694
4294967294,1693
4294967294,1692
4294967294,1691
4294967294,1690
4294967294,1689
4294967294,1688
4294967294,2385
4294967294,2946
4294967294,1687
4294967294,1686
4294967294,1685
4294967294,1684
4294967294,1458
4294967294,1683
4294967294,1682
4294967294,1681
4294967294,1680
4294967294,1679
4294967294,1678
4294967294,1677
4294967294,1676
4294967294,1457
4294967294,1119
4294967294,2376
4294967294,1110
4294967294,1107
4294967294,1098
4294967294,419
4294967294,2373
4294967294,1558
4294967294,2427
4294967294,1568
4294967294,2421
4294967294,2400
4294967294,2409
4294967294,1528
4294967294,1452
4294967294,1451
4294967294,1450
4294967294,1449
4294967294,1448
4294967294,1672
4294967294,1446
4294967294,1447
4294967294,1606
4294967294,1605
4294967294,1619
4294967294,1618
4294967294,1616
4294967294,2607
4294967294,1628
4294967294,1617
4294967294,1611
4294967294,1610
4294967294,1607
4294967294,1608
4294967294,1559
4294967294,1609
4294967294,1615
4294967294,1498
4294967294,1471
4294967294,1612
4294967294,1614
4294967294,1562
4294967294,1613
4294967294,1527
4294967294,1561
4294967294,1547
4294967294,1603
4294967294,1579
4294967294,1576
4294967294,1578
4294967294,1604
4294967294,434
4294967294,1473
4294967294,2031
4294967294,120
4294967294,119
4294967294,1410
4294967294,1411
4294967294,370
4294967294,369
4294967294,368
4294967294,367
4294967294,366
4294967294,364
4294967294,365
4294967294,363
4294967294,362
4294967294,361
4294967294,360
4294967294,359
4294967294,358
4294967294,357
4294967294,356
4294967294,355
4294967294,354
4294967294,353
4294967294,352
4294967294,351
4294967294,350
4294967294,349
4294967294,347
4294967294,348
4294967294,329
4294967294,328
4294967294,327
4294967294,326
4294967294,325
4294967294,324
4294967294,323
4294967294,322
4294967294,321
4294967294,320
4294967294,346
4294967294,345
4294967294,344
4294967294,343
4294967294,342
4294967294,340
4294967294,341
4294967294,339
4294967294,338
4294967294,337
4294967294,336
4294967294,335
4294967294,334
4294967294,333
4294967294,332
4294967294,331
4294967294,330
4294967294,1435
4294967294,1432
4294967294,1431
4294967294,91
4294967294,1499
4294967294,1500
4294967294,1501
4294967294,1502
4294967294,1148
4294967294,1149
4294967294,2399
4294967294,1557
4294967294,1552
4294967294,2621
4294967294,1538
4294967294,1539
4294967294,1536
4294967294,1421
4294967294,1535
4294967294,1545
4294967294,1534
4294967294,1532
4294967294,1549
4294967294,1530
4294967294,1529
4294967294,1524
4294967294,1420
4294967294,1526
4294967294,1523
4294967294,2612
4294967294,1521
4294967294,1419
4294967294,1531
4294967294,1520
4294967294,1519
4294967294,1516
4294967294,1515
4294967294,1514
4294967294,1525
4294967294,1418
4294967294,1512
4294967294,1513
4294967294,1511
4294967294,1510
4294967294,1509
4294967294,1508
4294967294,1507
4294967294,1505
4294967294,1518
4294967294,1506
4294967294,1440
4294967294,1456
4294967294,1455
4294967294,1464
4294967294,1424
4294967294,804
4294967294,943
4294967294,793
4294967294,947
4294967294,1493
4294967294,2494
4294967294,1483
4294967294,1482
4294967294,1481
4294967294,1480
4294967294,1479
4294967294,1478
4294967294,1477
4294967279,288
4294967279,287
4294967278,289
4294967278,288
4294967278,266
4294967279,286
4294967278,264
4294967278,287
4294967278,263
4294967279,283
4294967279,282
4294967278,286
4294967278,284
4294967278,283
4294967279,281
4294967279,280
4294967279,278
4294967294,805
4294967294,1474
4294967294,1101
4294967294,1445
4294967294,1444
4243767290,0
4294967294,2210
4294967294,2209
4294967294,2208
4294967294,2207
4294967294,2493
4294967294,2206
4294967294,2205
4294967294,1433
4294967294,2524
4294967294,2523
4294967294,2522
4294967294,2521
4294967294,2520
4294967294,2519
4294967294,2518
4294967294,2517
4294967294,2516
4294967294,2515
4294967294,2514
4294967294,2513
4294967294,2512
4294967294,2511
4294967294,2510
4294967294,2509
4294967294,2508
1,3
4294967294,1463
4294967278,405
4294967279,434
4294967278,404
4294967278,28
4294967278,403
4294967294,118
4294967294,117
4294967278,402
4294967278,16
4294967278,282
4294967294,1422
4294967294,1416
4294967294,1430
4294967294,1434
4294967294,1454
4294967294,568
4294967294,567
4294967279,433
4294967294,566
4294967294,565
4294967294,564
4294967279,432
4294967294,563
4294967294,562
4294967294,135
4294967294,561
4294967294,2391
4294967294,133
4294967294,132
4294967294,2390
4294967294,131
4294967279,431
4294967294,130
4294967294,2420
4294967294,2419
4294967294,775
4294967294,2388
4294967294,2380
4294967294,1409
4294967294,1437
4294967294,1436
4294967294,1438
4294967294,1417
4294967294,3063
4294967294,3062
4294967294,3061
4294967294,3060
4294967294,3059
4294967294,3058
4294967294,3057
4294967294,3056
4294967294,3055
4294967294,3054
4294967294,3053
4294967294,3052
4294967294,3051
4294967294,3050
4294967294,3049
4294967294,3048
4294967294,3047
4294967294,3046
4294967294,3045
4294967294,3044
